0.000000e+00 1.000000e+01
1.000000e-02 9.990000e+00
2.000000e-02 9.980010e+00
3.000000e-02 9.970030e+00
4.000000e-02 9.960060e+00
5.000000e-02 9.950100e+00
6.000000e-02 9.940150e+00
7.000000e-02 9.930210e+00
8.000000e-02 9.920279e+00
9.000000e-02 9.910359e+00
1.000000e-01 9.900449e+00
1.100000e-01 9.890548e+00
1.200000e-01 9.880658e+00
1.300000e-01 9.870777e+00
1.400000e-01 9.860906e+00
1.500000e-01 9.851045e+00
1.600000e-01 9.841194e+00
1.700000e-01 9.831353e+00
1.800000e-01 9.821522e+00
1.900000e-01 9.811700e+00
2.000000e-01 9.801889e+00
2.100000e-01 9.792087e+00
2.200000e-01 9.782295e+00
2.300000e-01 9.772512e+00
2.400000e-01 9.762740e+00
2.500000e-01 9.752977e+00
2.600000e-01 9.743224e+00
2.700000e-01 9.733481e+00
2.800000e-01 9.723747e+00
2.900000e-01 9.714024e+00
3.000000e-01 9.704310e+00
3.100000e-01 9.694605e+00
3.200000e-01 9.684911e+00
3.300000e-01 9.675226e+00
3.400000e-01 9.665551e+00
3.500000e-01 9.655885e+00
3.600000e-01 9.646229e+00
3.700000e-01 9.636583e+00
3.800000e-01 9.626946e+00
3.900000e-01 9.617319e+00
4.000000e-01 9.607702e+00
4.100000e-01 9.598094e+00
4.200000e-01 9.588496e+00
4.300000e-01 9.578908e+00
4.400000e-01 9.569329e+00
4.500000e-01 9.559760e+00
4.600000e-01 9.550200e+00
4.700000e-01 9.540650e+00
4.800000e-01 9.531109e+00
4.900000e-01 9.521578e+00
5.000000e-01 9.512056e+00
5.100000e-01 9.502544e+00
5.200000e-01 9.493042e+00
5.300000e-01 9.483549e+00
5.400000e-01 9.474065e+00
5.500000e-01 9.464591e+00
5.600000e-01 9.455126e+00
5.700000e-01 9.445671e+00
5.800000e-01 9.436226e+00
5.900000e-01 9.426789e+00
6.000000e-01 9.417363e+00
6.100000e-01 9.407945e+00
6.200000e-01 9.398537e+00
6.300000e-01 9.389139e+00
6.400000e-01 9.379750e+00
6.500000e-01 9.370370e+00
6.600000e-01 9.361000e+00
6.700000e-01 9.351639e+00
6.800000e-01 9.342287e+00
6.900000e-01 9.332945e+00
7.000000e-01 9.323612e+00
7.100000e-01 9.314288e+00
7.200000e-01 9.304974e+00
7.300000e-01 9.295669e+00
7.400000e-01 9.286373e+00
7.500000e-01 9.277087e+00
7.600000e-01 9.267810e+00
7.700000e-01 9.258542e+00
7.800000e-01 9.249283e+00
7.900000e-01 9.240034e+00
8.000000e-01 9.230794e+00
8.100000e-01 9.221563e+00
8.200000e-01 9.212342e+00
8.300000e-01 9.203129e+00
8.400000e-01 9.193926e+00
8.500000e-01 9.184732e+00
8.600000e-01 9.175547e+00
8.700000e-01 9.166372e+00
8.800000e-01 9.157206e+00
8.900000e-01 9.148048e+00
9.000000e-01 9.138900e+00
9.100000e-01 9.129761e+00
9.200000e-01 9.120632e+00
9.300000e-01 9.111511e+00
9.400000e-01 9.102400e+00
9.500000e-01 9.093297e+00
9.600000e-01 9.084204e+00
9.700000e-01 9.075120e+00
9.800000e-01 9.066044e+00
9.900000e-01 9.056978e+00
1.000000e+00 9.047921e+00
1.010000e+00 9.038874e+00
1.020000e+00 9.029835e+00
1.030000e+00 9.020805e+00
1.040000e+00 9.011784e+00
1.050000e+00 9.002772e+00
1.060000e+00 8.993769e+00
1.070000e+00 8.984776e+00
1.080000e+00 8.975791e+00
1.090000e+00 8.966815e+00
1.100000e+00 8.957848e+00
1.110000e+00 8.948890e+00
1.120000e+00 8.939942e+00
1.130000e+00 8.931002e+00
1.140000e+00 8.922071e+00
1.150000e+00 8.913149e+00
1.160000e+00 8.904235e+00
1.170000e+00 8.895331e+00
1.180000e+00 8.886436e+00
1.190000e+00 8.877549e+00
1.200000e+00 8.868672e+00
1.210000e+00 8.859803e+00
1.220000e+00 8.850943e+00
1.230000e+00 8.842092e+00
1.240000e+00 8.833250e+00
1.250000e+00 8.824417e+00
1.260000e+00 8.815593e+00
1.270000e+00 8.806777e+00
1.280000e+00 8.797970e+00
1.290000e+00 8.789172e+00
1.300000e+00 8.780383e+00
1.310000e+00 8.771603e+00
1.320000e+00 8.762831e+00
1.330000e+00 8.754068e+00
1.340000e+00 8.745314e+00
1.350000e+00 8.736569e+00
1.360000e+00 8.727832e+00
1.370000e+00 8.719105e+00
1.380000e+00 8.710385e+00
1.390000e+00 8.701675e+00
1.400000e+00 8.692973e+00
1.410000e+00 8.684280e+00
1.420000e+00 8.675596e+00
1.430000e+00 8.666921e+00
1.440000e+00 8.658254e+00
1.450000e+00 8.649595e+00
1.460000e+00 8.640946e+00
1.470000e+00 8.632305e+00
1.480000e+00 8.623673e+00
1.490000e+00 8.615049e+00
1.500000e+00 8.606434e+00
1.510000e+00 8.597827e+00
1.520000e+00 8.589230e+00
1.530000e+00 8.580640e+00
1.540000e+00 8.572060e+00
1.550000e+00 8.563488e+00
1.560000e+00 8.554924e+00
1.570000e+00 8.546369e+00
1.580000e+00 8.537823e+00
1.590000e+00 8.529285e+00
1.600000e+00 8.520756e+00
1.610000e+00 8.512235e+00
1.620000e+00 8.503723e+00
1.630000e+00 8.495219e+00
1.640000e+00 8.486724e+00
1.650000e+00 8.478237e+00
1.660000e+00 8.469759e+00
1.670000e+00 8.461289e+00
1.680000e+00 8.452828e+00
1.690000e+00 8.444375e+00
1.700000e+00 8.435931e+00
1.710000e+00 8.427495e+00
1.720000e+00 8.419067e+00
1.730000e+00 8.410648e+00
1.740000e+00 8.402237e+00
1.750000e+00 8.393835e+00
1.760000e+00 8.385441e+00
1.770000e+00 8.377056e+00
1.780000e+00 8.368679e+00
1.790000e+00 8.360310e+00
1.800000e+00 8.351950e+00
1.810000e+00 8.343598e+00
1.820000e+00 8.335254e+00
1.830000e+00 8.326919e+00
1.840000e+00 8.318592e+00
1.850000e+00 8.310274e+00
1.860000e+00 8.301963e+00
1.870000e+00 8.293661e+00
1.880000e+00 8.285368e+00
1.890000e+00 8.277082e+00
1.900000e+00 8.268805e+00
1.910000e+00 8.260536e+00
1.920000e+00 8.252276e+00
1.930000e+00 8.244024e+00
1.940000e+00 8.235780e+00
1.950000e+00 8.227544e+00
1.960000e+00 8.219316e+00
1.970000e+00 8.211097e+00
1.980000e+00 8.202886e+00
1.990000e+00 8.194683e+00
2.000000e+00 8.186488e+00
2.010000e+00 8.178302e+00
2.020000e+00 8.170124e+00
2.030000e+00 8.161953e+00
2.040000e+00 8.153791e+00
2.050000e+00 8.145638e+00
2.060000e+00 8.137492e+00
2.070000e+00 8.129355e+00
2.080000e+00 8.121225e+00
2.090000e+00 8.113104e+00
2.100000e+00 8.104991e+00
2.110000e+00 8.096886e+00
2.120000e+00 8.088789e+00
2.130000e+00 8.080700e+00
2.140000e+00 8.072619e+00
2.150000e+00 8.064547e+00
2.160000e+00 8.056482e+00
2.170000e+00 8.048426e+00
2.180000e+00 8.040377e+00
2.190000e+00 8.032337e+00
2.200000e+00 8.024305e+00
2.210000e+00 8.016280e+00
2.220000e+00 8.008264e+00
2.230000e+00 8.000256e+00
2.240000e+00 7.992256e+00
2.250000e+00 7.984263e+00
2.260000e+00 7.976279e+00
2.270000e+00 7.968303e+00
2.280000e+00 7.960334e+00
2.290000e+00 7.952374e+00
2.300000e+00 7.944422e+00
2.310000e+00 7.936477e+00
2.320000e+00 7.928541e+00
2.330000e+00 7.920612e+00
2.340000e+00 7.912692e+00
2.350000e+00 7.904779e+00
2.360000e+00 7.896874e+00
2.370000e+00 7.888977e+00
2.380000e+00 7.881088e+00
2.390000e+00 7.873207e+00
2.400000e+00 7.865334e+00
2.410000e+00 7.857469e+00
2.420000e+00 7.849611e+00
2.430000e+00 7.841762e+00
2.440000e+00 7.833920e+00
2.450000e+00 7.826086e+00
2.460000e+00 7.818260e+00
2.470000e+00 7.810442e+00
2.480000e+00 7.802631e+00
2.490000e+00 7.794829e+00
2.500000e+00 7.787034e+00
2.510000e+00 7.779247e+00
2.520000e+00 7.771467e+00
2.530000e+00 7.763696e+00
2.540000e+00 7.755932e+00
2.550000e+00 7.748176e+00
2.560000e+00 7.740428e+00
2.570000e+00 7.732688e+00
2.580000e+00 7.724955e+00
2.590000e+00 7.717230e+00
2.600000e+00 7.709513e+00
2.610000e+00 7.701803e+00
2.620000e+00 7.694102e+00
2.630000e+00 7.686407e+00
2.640000e+00 7.678721e+00
2.650000e+00 7.671042e+00
2.660000e+00 7.663371e+00
2.670000e+00 7.655708e+00
2.680000e+00 7.648052e+00
2.690000e+00 7.640404e+00
2.700000e+00 7.632764e+00
2.710000e+00 7.625131e+00
2.720000e+00 7.617506e+00
2.730000e+00 7.609888e+00
2.740000e+00 7.602278e+00
2.750000e+00 7.594676e+00
2.760000e+00 7.587082e+00
2.770000e+00 7.579494e+00
2.780000e+00 7.571915e+00
2.790000e+00 7.564343e+00
2.800000e+00 7.556779e+00
2.810000e+00 7.549222e+00
2.820000e+00 7.541673e+00
2.830000e+00 7.534131e+00
2.840000e+00 7.526597e+00
2.850000e+00 7.519070e+00
2.860000e+00 7.511551e+00
2.870000e+00 7.504040e+00
2.880000e+00 7.496536e+00
2.890000e+00 7.489039e+00
2.900000e+00 7.481550e+00
2.910000e+00 7.474068e+00
2.920000e+00 7.466594e+00
2.930000e+00 7.459128e+00
2.940000e+00 7.451669e+00
2.950000e+00 7.444217e+00
2.960000e+00 7.436773e+00
2.970000e+00 7.429336e+00
2.980000e+00 7.421907e+00
2.990000e+00 7.414485e+00
3.000000e+00 7.407070e+00
3.010000e+00 7.399663e+00
3.020000e+00 7.392264e+00
3.030000e+00 7.384871e+00
3.040000e+00 7.377486e+00
3.050000e+00 7.370109e+00
3.060000e+00 7.362739e+00
3.070000e+00 7.355376e+00
3.080000e+00 7.348021e+00
3.090000e+00 7.340673e+00
3.100000e+00 7.333332e+00
3.110000e+00 7.325999e+00
3.120000e+00 7.318673e+00
3.130000e+00 7.311354e+00
3.140000e+00 7.304043e+00
3.150000e+00 7.296739e+00
3.160000e+00 7.289442e+00
3.170000e+00 7.282152e+00
3.180000e+00 7.274870e+00
3.190000e+00 7.267595e+00
3.200000e+00 7.260328e+00
3.210000e+00 7.253068e+00
3.220000e+00 7.245814e+00
3.230000e+00 7.238569e+00
3.240000e+00 7.231330e+00
3.250000e+00 7.224099e+00
3.260000e+00 7.216875e+00
3.270000e+00 7.209658e+00
3.280000e+00 7.202448e+00
3.290000e+00 7.195246e+00
3.300000e+00 7.188050e+00
3.310000e+00 7.180862e+00
3.320000e+00 7.173682e+00
3.330000e+00 7.166508e+00
3.340000e+00 7.159341e+00
3.350000e+00 7.152182e+00
3.360000e+00 7.145030e+00
3.370000e+00 7.137885e+00
3.380000e+00 7.130747e+00
3.390000e+00 7.123616e+00
3.400000e+00 7.116493e+00
3.410000e+00 7.109376e+00
3.420000e+00 7.102267e+00
3.430000e+00 7.095164e+00
3.440000e+00 7.088069e+00
3.450000e+00 7.080981e+00
3.460000e+00 7.073900e+00
3.470000e+00 7.066826e+00
3.480000e+00 7.059759e+00
3.490000e+00 7.052700e+00
3.500000e+00 7.045647e+00
3.510000e+00 7.038601e+00
3.520000e+00 7.031563e+00
3.530000e+00 7.024531e+00
3.540000e+00 7.017507e+00
3.550000e+00 7.010489e+00
3.560000e+00 7.003479e+00
3.570000e+00 6.996475e+00
3.580000e+00 6.989479e+00
3.590000e+00 6.982489e+00
3.600000e+00 6.975507e+00
3.610000e+00 6.968531e+00
3.620000e+00 6.961563e+00
3.630000e+00 6.954601e+00
3.640000e+00 6.947647e+00
3.650000e+00 6.940699e+00
3.660000e+00 6.933758e+00
3.670000e+00 6.926824e+00
3.680000e+00 6.919898e+00
3.690000e+00 6.912978e+00
3.700000e+00 6.906065e+00
3.710000e+00 6.899159e+00
3.720000e+00 6.892259e+00
3.730000e+00 6.885367e+00
3.740000e+00 6.878482e+00
3.750000e+00 6.871603e+00
3.760000e+00 6.864732e+00
3.770000e+00 6.857867e+00
3.780000e+00 6.851009e+00
3.790000e+00 6.844158e+00
3.800000e+00 6.837314e+00
3.810000e+00 6.830477e+00
3.820000e+00 6.823646e+00
3.830000e+00 6.816823e+00
3.840000e+00 6.810006e+00
3.850000e+00 6.803196e+00
3.860000e+00 6.796393e+00
3.870000e+00 6.789596e+00
3.880000e+00 6.782807e+00
3.890000e+00 6.776024e+00
3.900000e+00 6.769248e+00
3.910000e+00 6.762478e+00
3.920000e+00 6.755716e+00
3.930000e+00 6.748960e+00
3.940000e+00 6.742211e+00
3.950000e+00 6.735469e+00
3.960000e+00 6.728734e+00
3.970000e+00 6.722005e+00
3.980000e+00 6.715283e+00
3.990000e+00 6.708568e+00
4.000000e+00 6.701859e+00
4.010000e+00 6.695157e+00
4.020000e+00 6.688462e+00
4.030000e+00 6.681774e+00
4.040000e+00 6.675092e+00
4.050000e+00 6.668417e+00
4.060000e+00 6.661748e+00
4.070000e+00 6.655087e+00
4.080000e+00 6.648431e+00
4.090000e+00 6.641783e+00
4.100000e+00 6.635141e+00
4.110000e+00 6.628506e+00
4.120000e+00 6.621878e+00
4.130000e+00 6.615256e+00
4.140000e+00 6.608640e+00
4.150000e+00 6.602032e+00
4.160000e+00 6.595430e+00
4.170000e+00 6.588834e+00
4.180000e+00 6.582246e+00
4.190000e+00 6.575663e+00
4.200000e+00 6.569088e+00
4.210000e+00 6.562519e+00
4.220000e+00 6.555956e+00
4.230000e+00 6.549400e+00
4.240000e+00 6.542851e+00
4.250000e+00 6.536308e+00
4.260000e+00 6.529772e+00
4.270000e+00 6.523242e+00
4.280000e+00 6.516718e+00
4.290000e+00 6.510202e+00
4.300000e+00 6.503692e+00
4.310000e+00 6.497188e+00
4.320000e+00 6.490691e+00
4.330000e+00 6.484200e+00
4.340000e+00 6.477716e+00
4.350000e+00 6.471238e+00
4.360000e+00 6.464767e+00
4.370000e+00 6.458302e+00
4.380000e+00 6.451844e+00
4.390000e+00 6.445392e+00
4.400000e+00 6.438947e+00
4.410000e+00 6.432508e+00
4.420000e+00 6.426075e+00
4.430000e+00 6.419649e+00
4.440000e+00 6.413229e+00
4.450000e+00 6.406816e+00
4.460000e+00 6.400409e+00
4.470000e+00 6.394009e+00
4.480000e+00 6.387615e+00
4.490000e+00 6.381227e+00
4.500000e+00 6.374846e+00
4.510000e+00 6.368471e+00
4.520000e+00 6.362103e+00
4.530000e+00 6.355741e+00
4.540000e+00 6.349385e+00
4.550000e+00 6.343036e+00
4.560000e+00 6.336692e+00
4.570000e+00 6.330356e+00
4.580000e+00 6.324025e+00
4.590000e+00 6.317701e+00
4.600000e+00 6.311384e+00
4.610000e+00 6.305072e+00
4.620000e+00 6.298767e+00
4.630000e+00 6.292468e+00
4.640000e+00 6.286176e+00
4.650000e+00 6.279890e+00
4.660000e+00 6.273610e+00
4.670000e+00 6.267336e+00
4.680000e+00 6.261069e+00
4.690000e+00 6.254808e+00
4.700000e+00 6.248553e+00
4.710000e+00 6.242305e+00
4.720000e+00 6.236062e+00
4.730000e+00 6.229826e+00
4.740000e+00 6.223596e+00
4.750000e+00 6.217373e+00
4.760000e+00 6.211155e+00
4.770000e+00 6.204944e+00
4.780000e+00 6.198739e+00
4.790000e+00 6.192541e+00
4.800000e+00 6.186348e+00
4.810000e+00 6.180162e+00
4.820000e+00 6.173982e+00
4.830000e+00 6.167808e+00
4.840000e+00 6.161640e+00
4.850000e+00 6.155478e+00
4.860000e+00 6.149323e+00
4.870000e+00 6.143173e+00
4.880000e+00 6.137030e+00
4.890000e+00 6.130893e+00
4.900000e+00 6.124762e+00
4.910000e+00 6.118637e+00
4.920000e+00 6.112519e+00
4.930000e+00 6.106406e+00
4.940000e+00 6.100300e+00
4.950000e+00 6.094200e+00
4.960000e+00 6.088105e+00
4.970000e+00 6.082017e+00
4.980000e+00 6.075935e+00
4.990000e+00 6.069859e+00
5.000000e+00 6.063789e+00
5.010000e+00 6.057726e+00
5.020000e+00 6.051668e+00
5.030000e+00 6.045616e+00
5.040000e+00 6.039571e+00
5.050000e+00 6.033531e+00
5.060000e+00 6.027498e+00
5.070000e+00 6.021470e+00
5.080000e+00 6.015449e+00
5.090000e+00 6.009433e+00
5.100000e+00 6.003424e+00
5.110000e+00 5.997420e+00
5.120000e+00 5.991423e+00
5.130000e+00 5.985431e+00
5.140000e+00 5.979446e+00
5.150000e+00 5.973467e+00
5.160000e+00 5.967493e+00
5.170000e+00 5.961526e+00
5.180000e+00 5.955564e+00
5.190000e+00 5.949609e+00
5.200000e+00 5.943659e+00
5.210000e+00 5.937715e+00
5.220000e+00 5.931778e+00
5.230000e+00 5.925846e+00
5.240000e+00 5.919920e+00
5.250000e+00 5.914000e+00
5.260000e+00 5.908086e+00
5.270000e+00 5.902178e+00
5.280000e+00 5.896276e+00
5.290000e+00 5.890379e+00
5.300000e+00 5.884489e+00
5.310000e+00 5.878605e+00
5.320000e+00 5.872726e+00
5.330000e+00 5.866853e+00
5.340000e+00 5.860986e+00
5.350000e+00 5.855125e+00
5.360000e+00 5.849270e+00
5.370000e+00 5.843421e+00
5.380000e+00 5.837578e+00
5.390000e+00 5.831740e+00
5.400000e+00 5.825908e+00
5.410000e+00 5.820082e+00
5.420000e+00 5.814262e+00
5.430000e+00 5.808448e+00
5.440000e+00 5.802640e+00
5.450000e+00 5.796837e+00
5.460000e+00 5.791040e+00
5.470000e+00 5.785249e+00
5.480000e+00 5.779464e+00
5.490000e+00 5.773684e+00
5.500000e+00 5.767911e+00
5.510000e+00 5.762143e+00
5.520000e+00 5.756381e+00
5.530000e+00 5.750624e+00
5.540000e+00 5.744874e+00
5.550000e+00 5.739129e+00
5.560000e+00 5.733390e+00
5.570000e+00 5.727656e+00
5.580000e+00 5.721929e+00
5.590000e+00 5.716207e+00
5.600000e+00 5.710490e+00
5.610000e+00 5.704780e+00
5.620000e+00 5.699075e+00
5.630000e+00 5.693376e+00
5.640000e+00 5.687683e+00
5.650000e+00 5.681995e+00
5.660000e+00 5.676313e+00
5.670000e+00 5.670637e+00
5.680000e+00 5.664966e+00
5.690000e+00 5.659301e+00
5.700000e+00 5.653642e+00
5.710000e+00 5.647988e+00
5.720000e+00 5.642340e+00
5.730000e+00 5.636698e+00
5.740000e+00 5.631061e+00
5.750000e+00 5.625430e+00
5.760000e+00 5.619805e+00
5.770000e+00 5.614185e+00
5.780000e+00 5.608571e+00
5.790000e+00 5.602962e+00
5.800000e+00 5.597359e+00
5.810000e+00 5.591762e+00
5.820000e+00 5.586170e+00
5.830000e+00 5.580584e+00
5.840000e+00 5.575003e+00
5.850000e+00 5.569428e+00
5.860000e+00 5.563859e+00
5.870000e+00 5.558295e+00
5.880000e+00 5.552737e+00
5.890000e+00 5.547184e+00
5.900000e+00 5.541637e+00
5.910000e+00 5.536095e+00
5.920000e+00 5.530559e+00
5.930000e+00 5.525028e+00
5.940000e+00 5.519503e+00
5.950000e+00 5.513984e+00
5.960000e+00 5.508470e+00
5.970000e+00 5.502961e+00
5.980000e+00 5.497458e+00
5.990000e+00 5.491961e+00
6.000000e+00 5.486469e+00
6.010000e+00 5.480983e+00
6.020000e+00 5.475502e+00
6.030000e+00 5.470026e+00
6.040000e+00 5.464556e+00
6.050000e+00 5.459092e+00
6.060000e+00 5.453632e+00
6.070000e+00 5.448179e+00
6.080000e+00 5.442731e+00
6.090000e+00 5.437288e+00
6.100000e+00 5.431851e+00
6.110000e+00 5.426419e+00
6.120000e+00 5.420992e+00
6.130000e+00 5.415571e+00
6.140000e+00 5.410156e+00
6.150000e+00 5.404746e+00
6.160000e+00 5.399341e+00
6.170000e+00 5.393942e+00
6.180000e+00 5.388548e+00
6.190000e+00 5.383159e+00
6.200000e+00 5.377776e+00
6.210000e+00 5.372398e+00
6.220000e+00 5.367026e+00
6.230000e+00 5.361659e+00
6.240000e+00 5.356297e+00
6.250000e+00 5.350941e+00
6.260000e+00 5.345590e+00
6.270000e+00 5.340244e+00
6.280000e+00 5.334904e+00
6.290000e+00 5.329569e+00
6.300000e+00 5.324239e+00
6.310000e+00 5.318915e+00
6.320000e+00 5.313596e+00
6.330000e+00 5.308283e+00
6.340000e+00 5.302974e+00
6.350000e+00 5.297671e+00
6.360000e+00 5.292374e+00
6.370000e+00 5.287081e+00
6.380000e+00 5.281794e+00
6.390000e+00 5.276513e+00
6.400000e+00 5.271236e+00
6.410000e+00 5.265965e+00
6.420000e+00 5.260699e+00
6.430000e+00 5.255438e+00
6.440000e+00 5.250183e+00
6.450000e+00 5.244933e+00
6.460000e+00 5.239688e+00
6.470000e+00 5.234448e+00
6.480000e+00 5.229213e+00
6.490000e+00 5.223984e+00
6.500000e+00 5.218760e+00
6.510000e+00 5.213542e+00
6.520000e+00 5.208328e+00
6.530000e+00 5.203120e+00
6.540000e+00 5.197917e+00
6.550000e+00 5.192719e+00
6.560000e+00 5.187526e+00
6.570000e+00 5.182338e+00
6.580000e+00 5.177156e+00
6.590000e+00 5.171979e+00
6.600000e+00 5.166807e+00
6.610000e+00 5.161640e+00
6.620000e+00 5.156478e+00
6.630000e+00 5.151322e+00
6.640000e+00 5.146171e+00
6.650000e+00 5.141024e+00
6.660000e+00 5.135883e+00
6.670000e+00 5.130748e+00
6.680000e+00 5.125617e+00
6.690000e+00 5.120491e+00
6.700000e+00 5.115371e+00
6.710000e+00 5.110255e+00
6.720000e+00 5.105145e+00
6.730000e+00 5.100040e+00
6.740000e+00 5.094940e+00
6.750000e+00 5.089845e+00
6.760000e+00 5.084755e+00
6.770000e+00 5.079670e+00
6.780000e+00 5.074591e+00
6.790000e+00 5.069516e+00
6.800000e+00 5.064447e+00
6.810000e+00 5.059382e+00
6.820000e+00 5.054323e+00
6.830000e+00 5.049268e+00
6.840000e+00 5.044219e+00
6.850000e+00 5.039175e+00
6.860000e+00 5.034136e+00
6.870000e+00 5.029102e+00
6.880000e+00 5.024073e+00
6.890000e+00 5.019048e+00
6.900000e+00 5.014029e+00
6.910000e+00 5.009015e+00
6.920000e+00 5.004006e+00
6.930000e+00 4.999002e+00
6.940000e+00 4.994003e+00
6.950000e+00 4.989009e+00
6.960000e+00 4.984020e+00
6.970000e+00 4.979036e+00
6.980000e+00 4.974057e+00
6.990000e+00 4.969083e+00
7.000000e+00 4.964114e+00
7.010000e+00 4.959150e+00
7.020000e+00 4.954191e+00
7.030000e+00 4.949237e+00
7.040000e+00 4.944287e+00
7.050000e+00 4.939343e+00
7.060000e+00 4.934404e+00
7.070000e+00 4.929469e+00
7.080000e+00 4.924540e+00
7.090000e+00 4.919615e+00
7.100000e+00 4.914696e+00
7.110000e+00 4.909781e+00
7.120000e+00 4.904871e+00
7.130000e+00 4.899966e+00
7.140000e+00 4.895066e+00
7.150000e+00 4.890171e+00
7.160000e+00 4.885281e+00
7.170000e+00 4.880396e+00
7.180000e+00 4.875516e+00
7.190000e+00 4.870640e+00
7.200000e+00 4.865769e+00
7.210000e+00 4.860904e+00
7.220000e+00 4.856043e+00
7.230000e+00 4.851187e+00
7.240000e+00 4.846335e+00
7.250000e+00 4.841489e+00
7.260000e+00 4.836648e+00
7.270000e+00 4.831811e+00
7.280000e+00 4.826979e+00
7.290000e+00 4.822152e+00
7.300000e+00 4.817330e+00
7.310000e+00 4.812513e+00
7.320000e+00 4.807700e+00
7.330000e+00 4.802893e+00
7.340000e+00 4.798090e+00
7.350000e+00 4.793292e+00
7.360000e+00 4.788498e+00
7.370000e+00 4.783710e+00
7.380000e+00 4.778926e+00
7.390000e+00 4.774147e+00
7.400000e+00 4.769373e+00
7.410000e+00 4.764604e+00
7.420000e+00 4.759839e+00
7.430000e+00 4.755079e+00
7.440000e+00 4.750324e+00
7.450000e+00 4.745574e+00
7.460000e+00 4.740828e+00
7.470000e+00 4.736087e+00
7.480000e+00 4.731351e+00
7.490000e+00 4.726620e+00
7.500000e+00 4.721893e+00
7.510000e+00 4.717171e+00
7.520000e+00 4.712454e+00
7.530000e+00 4.707742e+00
7.540000e+00 4.703034e+00
7.550000e+00 4.698331e+00
7.560000e+00 4.693633e+00
7.570000e+00 4.688939e+00
7.580000e+00 4.684250e+00
7.590000e+00 4.679566e+00
7.600000e+00 4.674886e+00
7.610000e+00 4.670211e+00
7.620000e+00 4.665541e+00
7.630000e+00 4.660876e+00
7.640000e+00 4.656215e+00
7.650000e+00 4.651559e+00
7.660000e+00 4.646907e+00
7.670000e+00 4.642260e+00
7.680000e+00 4.637618e+00
7.690000e+00 4.632980e+00
7.700000e+00 4.628347e+00
7.710000e+00 4.623719e+00
7.720000e+00 4.619095e+00
7.730000e+00 4.614476e+00
7.740000e+00 4.609862e+00
7.750000e+00 4.605252e+00
7.760000e+00 4.600646e+00
7.770000e+00 4.596046e+00
7.780000e+00 4.591450e+00
7.790000e+00 4.586858e+00
7.800000e+00 4.582271e+00
7.810000e+00 4.577689e+00
7.820000e+00 4.573112e+00
7.830000e+00 4.568538e+00
7.840000e+00 4.563970e+00
7.850000e+00 4.559406e+00
7.860000e+00 4.554846e+00
7.870000e+00 4.550292e+00
7.880000e+00 4.545741e+00
7.890000e+00 4.541196e+00
7.900000e+00 4.536654e+00
7.910000e+00 4.532118e+00
7.920000e+00 4.527586e+00
7.930000e+00 4.523058e+00
7.940000e+00 4.518535e+00
7.950000e+00 4.514016e+00
7.960000e+00 4.509502e+00
7.970000e+00 4.504993e+00
7.980000e+00 4.500488e+00
7.990000e+00 4.495987e+00
8.000000e+00 4.491491e+00
8.010000e+00 4.487000e+00
8.020000e+00 4.482513e+00
8.030000e+00 4.478030e+00
8.040000e+00 4.473552e+00
8.050000e+00 4.469079e+00
8.060000e+00 4.464610e+00
8.070000e+00 4.460145e+00
8.080000e+00 4.455685e+00
8.090000e+00 4.451229e+00
8.100000e+00 4.446778e+00
8.110000e+00 4.442331e+00
8.120000e+00 4.437889e+00
8.130000e+00 4.433451e+00
8.140000e+00 4.429018e+00
8.150000e+00 4.424589e+00
8.160000e+00 4.420164e+00
8.170000e+00 4.415744e+00
8.180000e+00 4.411328e+00
8.190000e+00 4.406917e+00
8.200000e+00 4.402510e+00
8.210000e+00 4.398107e+00
8.220000e+00 4.393709e+00
8.230000e+00 4.389316e+00
8.240000e+00 4.384926e+00
8.250000e+00 4.380541e+00
8.260000e+00 4.376161e+00
8.270000e+00 4.371785e+00
8.280000e+00 4.367413e+00
8.290000e+00 4.363045e+00
8.300000e+00 4.358682e+00
8.310000e+00 4.354324e+00
8.320000e+00 4.349969e+00
8.330000e+00 4.345619e+00
8.340000e+00 4.341274e+00
8.350000e+00 4.336933e+00
8.360000e+00 4.332596e+00
8.370000e+00 4.328263e+00
8.380000e+00 4.323935e+00
8.390000e+00 4.319611e+00
8.400000e+00 4.315291e+00
8.410000e+00 4.310976e+00
8.420000e+00 4.306665e+00
8.430000e+00 4.302358e+00
8.440000e+00 4.298056e+00
8.450000e+00 4.293758e+00
8.460000e+00 4.289464e+00
8.470000e+00 4.285175e+00
8.480000e+00 4.280889e+00
8.490000e+00 4.276609e+00
8.500000e+00 4.272332e+00
8.510000e+00 4.268060e+00
8.520000e+00 4.263792e+00
8.530000e+00 4.259528e+00
8.540000e+00 4.255268e+00
8.550000e+00 4.251013e+00
8.560000e+00 4.246762e+00
8.570000e+00 4.242515e+00
8.580000e+00 4.238273e+00
8.590000e+00 4.234034e+00
8.600000e+00 4.229800e+00
8.610000e+00 4.225571e+00
8.620000e+00 4.221345e+00
8.630000e+00 4.217124e+00
8.640000e+00 4.212907e+00
8.650000e+00 4.208694e+00
8.660000e+00 4.204485e+00
8.670000e+00 4.200280e+00
8.680000e+00 4.196080e+00
8.690000e+00 4.191884e+00
8.700000e+00 4.187692e+00
8.710000e+00 4.183505e+00
8.720000e+00 4.179321e+00
8.730000e+00 4.175142e+00
8.740000e+00 4.170967e+00
8.750000e+00 4.166796e+00
8.760000e+00 4.162629e+00
8.770000e+00 4.158466e+00
8.780000e+00 4.154308e+00
8.790000e+00 4.150153e+00
8.800000e+00 4.146003e+00
8.810000e+00 4.141857e+00
8.820000e+00 4.137715e+00
8.830000e+00 4.133578e+00
8.840000e+00 4.129444e+00
8.850000e+00 4.125315e+00
8.860000e+00 4.121189e+00
8.870000e+00 4.117068e+00
8.880000e+00 4.112951e+00
8.890000e+00 4.108838e+00
8.900000e+00 4.104729e+00
8.910000e+00 4.100625e+00
8.920000e+00 4.096524e+00
8.930000e+00 4.092427e+00
8.940000e+00 4.088335e+00
8.950000e+00 4.084247e+00
8.960000e+00 4.080162e+00
8.970000e+00 4.076082e+00
8.980000e+00 4.072006e+00
8.990000e+00 4.067934e+00
9.000000e+00 4.063866e+00
9.010000e+00 4.059802e+00
9.020000e+00 4.055743e+00
9.030000e+00 4.051687e+00
9.040000e+00 4.047635e+00
9.050000e+00 4.043587e+00
9.060000e+00 4.039544e+00
9.070000e+00 4.035504e+00
9.080000e+00 4.031469e+00
9.090000e+00 4.027437e+00
9.100000e+00 4.023410e+00
9.110000e+00 4.019387e+00
9.120000e+00 4.015367e+00
9.130000e+00 4.011352e+00
9.140000e+00 4.007340e+00
9.150000e+00 4.003333e+00
9.160000e+00 3.999330e+00
9.170000e+00 3.995330e+00
9.180000e+00 3.991335e+00
9.190000e+00 3.987344e+00
9.200000e+00 3.983356e+00
9.210000e+00 3.979373e+00
9.220000e+00 3.975394e+00
9.230000e+00 3.971418e+00
9.240000e+00 3.967447e+00
9.250000e+00 3.963479e+00
9.260000e+00 3.959516e+00
9.270000e+00 3.955556e+00
9.280000e+00 3.951601e+00
9.290000e+00 3.947649e+00
9.300000e+00 3.943702e+00
9.310000e+00 3.939758e+00
9.320000e+00 3.935818e+00
9.330000e+00 3.931882e+00
9.340000e+00 3.927950e+00
9.350000e+00 3.924023e+00
9.360000e+00 3.920098e+00
9.370000e+00 3.916178e+00
9.380000e+00 3.912262e+00
9.390000e+00 3.908350e+00
9.400000e+00 3.904442e+00
9.410000e+00 3.900537e+00
9.420000e+00 3.896637e+00
9.430000e+00 3.892740e+00
9.440000e+00 3.888847e+00
9.450000e+00 3.884958e+00
9.460000e+00 3.881073e+00
9.470000e+00 3.877192e+00
9.480000e+00 3.873315e+00
9.490000e+00 3.869442e+00
9.500000e+00 3.865572e+00
9.510000e+00 3.861707e+00
9.520000e+00 3.857845e+00
9.530000e+00 3.853987e+00
9.540000e+00 3.850133e+00
9.550000e+00 3.846283e+00
9.560000e+00 3.842437e+00
9.570000e+00 3.838594e+00
9.580000e+00 3.834756e+00
9.590000e+00 3.830921e+00
9.600000e+00 3.827090e+00
9.610000e+00 3.823263e+00
9.620000e+00 3.819440e+00
9.630000e+00 3.815620e+00
9.640000e+00 3.811805e+00
9.650000e+00 3.807993e+00
9.660000e+00 3.804185e+00
9.670000e+00 3.800381e+00
9.680000e+00 3.796580e+00
9.690000e+00 3.792784e+00
9.700000e+00 3.788991e+00
9.710000e+00 3.785202e+00
9.720000e+00 3.781417e+00
9.730000e+00 3.777635e+00
9.740000e+00 3.773858e+00
9.750000e+00 3.770084e+00
9.760000e+00 3.766314e+00
9.770000e+00 3.762548e+00
9.780000e+00 3.758785e+00
9.790000e+00 3.755026e+00
9.800000e+00 3.751271e+00
9.810000e+00 3.747520e+00
9.820000e+00 3.743772e+00
9.830000e+00 3.740029e+00
9.840000e+00 3.736289e+00
9.850000e+00 3.732552e+00
9.860000e+00 3.728820e+00
9.870000e+00 3.725091e+00
9.880000e+00 3.721366e+00
9.890000e+00 3.717644e+00
9.900000e+00 3.713927e+00
9.910000e+00 3.710213e+00
9.920000e+00 3.706503e+00
9.930000e+00 3.702796e+00
9.940000e+00 3.699093e+00
9.950000e+00 3.695394e+00
9.960000e+00 3.691699e+00
9.970000e+00 3.688007e+00
9.980000e+00 3.684319e+00
9.990000e+00 3.680635e+00
